# Created by Octave 3.4.0, Mon Jun 06 10:16:19 2011 CEST <sailer@xbox360.hq.axsem.com>
# name: x
# type: matrix
# rows: 257
# columns: 3
 0 0 1
 3.90625e-09 0.02454122852291229 0.9996988186962042
 7.8125e-09 0.04906767432741801 0.9987954562051724
 1.171875e-08 0.07356456359966743 0.9972904566786902
 1.5625e-08 0.0980171403295606 0.9951847266721969
 1.953125e-08 0.1224106751992162 0.99247953459871
 2.34375e-08 0.1467304744553617 0.989176509964781
 2.734375e-08 0.1709618887603012 0.9852776423889412
 3.125e-08 0.1950903220161282 0.9807852804032304
 3.515625e-08 0.2191012401568698 0.9757021300385286
 3.90625e-08 0.2429801799032639 0.970031253194544
 4.296875e-08 0.2667127574748984 0.9637760657954398
 4.6875e-08 0.2902846772544623 0.9569403357322088
 5.078125e-08 0.3136817403988915 0.9495281805930367
 5.46875e-08 0.3368898533922201 0.9415440651830208
 5.859374999999999e-08 0.3598950365349881 0.932992798834739
 6.25e-08 0.3826834323650898 0.9238795325112867
 6.640625e-08 0.4052413140049899 0.9142097557035307
 7.03125e-08 0.4275550934302821 0.9039892931234433
 7.421874999999999e-08 0.4496113296546065 0.8932243011955153
 7.812499999999999e-08 0.4713967368259976 0.881921264348355
 8.203125e-08 0.492898192229784 0.8700869911087115
 8.59375e-08 0.5141027441932217 0.8577286100002721
 8.984375e-08 0.5349976198870972 0.8448535652497071
 9.375e-08 0.5555702330196022 0.8314696123025452
 9.765624999999999e-08 0.5758081914178453 0.8175848131515837
 1.015625e-07 0.5956993044924334 0.8032075314806449
 1.0546875e-07 0.6152315905806268 0.7883464276266063
 1.09375e-07 0.6343932841636455 0.773010453362737
 1.1328125e-07 0.6531728429537768 0.7572088465064846
 1.171875e-07 0.6715589548470183 0.7409511253549591
 1.2109375e-07 0.6895405447370668 0.724247082951467
 1.25e-07 0.7071067811865475 0.7071067811865476
 1.2890625e-07 0.7242470829514669 0.6895405447370669
 1.328125e-07 0.7409511253549591 0.6715589548470183
 1.3671875e-07 0.7572088465064845 0.6531728429537768
 1.40625e-07 0.773010453362737 0.6343932841636455
 1.4453125e-07 0.7883464276266062 0.6152315905806268
 1.484375e-07 0.8032075314806448 0.5956993044924335
 1.5234375e-07 0.8175848131515837 0.5758081914178453
 1.5625e-07 0.8314696123025452 0.5555702330196023
 1.6015625e-07 0.844853565249707 0.5349976198870973
 1.640625e-07 0.8577286100002721 0.5141027441932217
 1.6796875e-07 0.8700869911087113 0.4928981922297841
 1.71875e-07 0.8819212643483549 0.4713967368259978
 1.7578125e-07 0.8932243011955153 0.4496113296546066
 1.796875e-07 0.9039892931234433 0.4275550934302822
 1.8359375e-07 0.9142097557035307 0.4052413140049899
 1.875e-07 0.9238795325112867 0.3826834323650898
 1.9140625e-07 0.9329927988347388 0.3598950365349883
 1.953125e-07 0.9415440651830208 0.3368898533922201
 1.9921875e-07 0.9495281805930367 0.3136817403988916
 2.03125e-07 0.9569403357322089 0.2902846772544623
 2.0703125e-07 0.9637760657954398 0.2667127574748984
 2.109375e-07 0.970031253194544 0.242980179903264
 2.1484375e-07 0.9757021300385286 0.2191012401568698
 2.1875e-07 0.9807852804032304 0.1950903220161283
 2.2265625e-07 0.9852776423889412 0.1709618887603014
 2.265625e-07 0.989176509964781 0.1467304744553617
 2.3046875e-07 0.99247953459871 0.1224106751992163
 2.34375e-07 0.9951847266721968 0.09801714032956077
 2.3828125e-07 0.9972904566786902 0.07356456359966745
 2.421875e-07 0.9987954562051724 0.04906767432741813
 2.4609375e-07 0.9996988186962042 0.02454122852291226
 2.5e-07 1 6.123233995736766e-17
 2.5390625e-07 0.9996988186962042 -0.02454122852291214
 2.578125e-07 0.9987954562051724 -0.04906767432741801
 2.6171875e-07 0.9972904566786902 -0.07356456359966733
 2.65625e-07 0.9951847266721969 -0.09801714032956065
 2.6953125e-07 0.99247953459871 -0.1224106751992162
 2.734375e-07 0.989176509964781 -0.1467304744553616
 2.7734375e-07 0.9852776423889412 -0.1709618887603012
 2.8125e-07 0.9807852804032304 -0.1950903220161282
 2.8515625e-07 0.9757021300385286 -0.2191012401568697
 2.890625e-07 0.970031253194544 -0.2429801799032639
 2.9296875e-07 0.9637760657954398 -0.2667127574748983
 2.96875e-07 0.9569403357322089 -0.2902846772544622
 3.0078125e-07 0.9495281805930367 -0.3136817403988914
 3.046875e-07 0.9415440651830208 -0.3368898533922199
 3.0859375e-07 0.9329927988347388 -0.3598950365349882
 3.125e-07 0.9238795325112867 -0.3826834323650897
 3.1640625e-07 0.9142097557035307 -0.4052413140049897
 3.203125e-07 0.9039892931234434 -0.4275550934302819
 3.2421875e-07 0.8932243011955152 -0.4496113296546067
 3.28125e-07 0.881921264348355 -0.4713967368259977
 3.3203125e-07 0.8700869911087115 -0.492898192229784
 3.359375e-07 0.8577286100002721 -0.5141027441932217
 3.3984375e-07 0.8448535652497072 -0.534997619887097
 3.4375e-07 0.8314696123025455 -0.555570233019602
 3.4765625e-07 0.8175848131515837 -0.5758081914178453
 3.515625e-07 0.8032075314806449 -0.5956993044924334
 3.5546875e-07 0.7883464276266063 -0.6152315905806267
 3.59375e-07 0.7730104533627371 -0.6343932841636454
 3.6328125e-07 0.7572088465064847 -0.6531728429537765
 3.671875e-07 0.740951125354959 -0.6715589548470184
 3.7109375e-07 0.7242470829514669 -0.6895405447370669
 3.75e-07 0.7071067811865476 -0.7071067811865475
 3.7890625e-07 0.6895405447370671 -0.7242470829514668
 3.828125e-07 0.6715589548470186 -0.7409511253549589
 3.8671875e-07 0.6531728429537766 -0.7572088465064846
 3.90625e-07 0.6343932841636455 -0.773010453362737
 3.9453125e-07 0.6152315905806269 -0.7883464276266062
 3.984375e-07 0.5956993044924335 -0.8032075314806448
 4.0234375e-07 0.5758081914178454 -0.8175848131515836
 4.0625e-07 0.5555702330196022 -0.8314696123025453
 4.1015625e-07 0.5349976198870972 -0.8448535652497071
 4.140625e-07 0.5141027441932218 -0.857728610000272
 4.1796875e-07 0.4928981922297841 -0.8700869911087113
 4.21875e-07 0.4713967368259979 -0.8819212643483549
 4.2578125e-07 0.4496113296546069 -0.8932243011955152
 4.296875e-07 0.427555093430282 -0.9039892931234433
 4.3359375e-07 0.4052413140049899 -0.9142097557035307
 4.375e-07 0.3826834323650899 -0.9238795325112867
 4.4140625e-07 0.3598950365349883 -0.9329927988347388
 4.453125e-07 0.3368898533922203 -0.9415440651830207
 4.4921875e-07 0.3136817403988914 -0.9495281805930367
 4.53125e-07 0.2902846772544624 -0.9569403357322088
 4.5703125e-07 0.2667127574748985 -0.9637760657954398
 4.609375e-07 0.2429801799032641 -0.970031253194544
 4.6484375e-07 0.21910124015687 -0.9757021300385285
 4.6875e-07 0.1950903220161286 -0.9807852804032304
 4.7265625e-07 0.1709618887603012 -0.9852776423889412
 4.765625e-07 0.1467304744553618 -0.989176509964781
 4.804687499999999e-07 0.1224106751992163 -0.99247953459871
 4.84375e-07 0.09801714032956083 -0.9951847266721968
 4.8828125e-07 0.07356456359966773 -0.9972904566786902
 4.921875e-07 0.04906767432741797 -0.9987954562051724
 4.9609375e-07 0.02454122852291233 -0.9996988186962042
 5e-07 1.224646799147353e-16 -1
 5.0390625e-07 -0.02454122852291208 -0.9996988186962042
 5.078125e-07 -0.04906767432741772 -0.9987954562051724
 5.117187499999999e-07 -0.0735645635996675 -0.9972904566786902
 5.156249999999999e-07 -0.09801714032956059 -0.9951847266721969
 5.1953125e-07 -0.1224106751992161 -0.99247953459871
 5.234375e-07 -0.1467304744553616 -0.989176509964781
 5.2734375e-07 -0.170961888760301 -0.9852776423889413
 5.3125e-07 -0.1950903220161284 -0.9807852804032304
 5.3515625e-07 -0.2191012401568698 -0.9757021300385286
 5.390625e-07 -0.2429801799032638 -0.970031253194544
 5.4296875e-07 -0.2667127574748983 -0.96377606579544
 5.46875e-07 -0.2902846772544621 -0.9569403357322089
 5.507812499999999e-07 -0.3136817403988912 -0.9495281805930368
 5.546874999999999e-07 -0.3368898533922201 -0.9415440651830208
 5.5859375e-07 -0.3598950365349881 -0.932992798834739
 5.625e-07 -0.3826834323650897 -0.9238795325112868
 5.6640625e-07 -0.4052413140049897 -0.9142097557035307
 5.703125e-07 -0.4275550934302818 -0.9039892931234434
 5.7421875e-07 -0.4496113296546067 -0.8932243011955153
 5.78125e-07 -0.4713967368259976 -0.881921264348355
